$keys right_lid_raiser left_lid_raiser right_lid_tightener left_lid_tightener right_lid_droop left_lid_droop blink right_inner_raiser left_inner_raiser right_outer_raiser left_outer_raiser right_lowerer left_lowerer right_cheek_raiser left_cheek_raiser wrinkler dilator right_upper_raiser left_upper_raiser right_corner_puller left_corner_puller corner_depressor chin_raiser right_funneler left_funneler right_stretcher left_stretcher tightener jaw_clencher smile right_sneer left_sneer wide_open half_closed lower_lip
$hasweighting
"Neutral" "_" 0.000 0.000 0.000 0.000 0.000 0.000 0.000 0.000 0.000 0.000 0.000 0.000 0.000 0.000 0.000 0.000 0.000 0.000 0.000 0.000 0.000 0.000 0.000 0.000 0.000 0.000 0.000 0.000 0.000 0.000 0.000 0.000 0.000 0.000 0.000 0.000 0.000 0.000 0.000 0.000 0.000 0.000 0.000 0.000 0.000 0.000 0.000 0.000 0.000 0.000 0.000 0.000 0.000 0.000 0.000 0.000 0.000 0.000 0.000 0.000 0.000 0.000 0.000 0.000 0.000 0.000 0.310 1.000 0.000 0.000 "all zeros, boyee"
"Squint" "_" 0.000 0.000 0.000 0.000 0.810 1.000 0.810 1.000 0.000 0.000 0.000 0.000 0.000 0.000 0.000 0.000 0.000 0.000 0.000 0.000 0.000 0.000 0.300 1.000 0.300 1.000 0.000 0.000 0.000 0.000 0.000 0.000 0.000 0.000 0.000 0.000 0.000 0.000 0.000 0.000 0.000 0.000 0.000 0.000 0.000 0.000 0.000 0.000 0.000 0.000 0.000 0.000 0.000 0.000 0.000 0.000 0.000 0.000 0.000 0.000 0.000 0.000 0.000 0.000 0.000 0.000 0.540 1.000 0.000 0.000 "eyes squint"
"Fear" "_" 0.280 1.000 0.280 1.000 0.600 1.000 0.600 1.000 0.000 0.000 0.000 0.000 0.000 0.000 0.880 1.000 0.880 1.000 0.000 0.000 0.000 0.000 0.330 1.000 0.330 1.000 0.000 0.000 0.000 0.000 0.000 0.000 0.000 0.000 0.000 0.000 0.000 0.000 0.000 0.000 0.000 0.000 0.400 1.000 0.000 0.000 0.450 1.000 0.450 1.000 0.000 0.000 0.000 0.000 0.000 0.000 0.000 0.000 0.000 0.000 0.000 0.000 0.000 0.000 0.190 1.000 0.000 0.000 0.000 0.000 "Fear"
"Very Frightened" "_" 1.000 1.000 1.000 1.000 0.990 1.000 0.990 1.000 0.000 0.000 0.000 0.000 0.000 0.000 1.000 1.000 1.000 1.000 0.000 0.000 0.000 0.000 0.180 1.000 0.180 1.000 0.000 0.000 0.000 0.000 0.180 1.000 0.000 0.000 0.290 1.000 0.168 1.000 0.000 0.000 0.000 0.000 0.510 1.000 0.000 0.000 0.640 1.000 0.640 1.000 0.000 0.000 0.000 0.000 0.000 0.000 0.000 0.000 0.000 0.000 0.000 0.000 0.000 0.000 0.510 1.000 0.000 0.000 0.340 1.000 "Very Frightened"
"Sly Smile" "_" 0.000 0.000 0.000 0.000 0.440 1.000 0.440 1.000 0.000 0.000 0.000 0.000 0.000 0.000 0.000 0.000 0.000 0.000 0.860 1.000 0.000 1.000 0.000 1.000 0.800 1.000 0.000 0.000 0.000 0.000 0.000 0.000 0.000 0.000 0.000 0.000 0.000 0.000 0.380 1.000 0.213 1.000 0.000 0.000 0.000 0.000 0.000 0.000 0.000 0.000 0.000 0.000 0.000 0.000 0.000 0.000 0.000 0.000 0.000 0.000 0.000 0.000 0.000 0.000 0.000 0.000 0.660 1.000 0.000 0.000 "You be full of shit, boyee"
"Concern No Deform" "_" 0.000 0.000 0.000 0.000 0.660 1.000 0.304 1.000 0.000 0.000 0.000 0.000 0.000 0.000 1.000 1.000 1.000 1.000 0.000 0.000 0.000 0.000 0.740 1.000 0.740 1.000 0.260 1.000 0.156 1.000 0.000 0.000 0.000 0.000 0.000 0.000 0.000 0.000 0.000 0.000 0.000 0.000 0.000 0.000 0.000 0.000 0.000 0.000 0.000 0.000 0.000 0.000 0.000 0.000 0.000 0.000 0.000 0.000 0.000 0.000 0.000 0.000 0.000 0.000 0.000 0.000 0.380 1.000 0.000 0.000 "Concerned"
"Anger" "_" 0.000 0.000 0.000 0.000 0.290 1.000 0.290 1.000 0.000 0.000 0.000 0.000 0.000 0.000 0.000 0.000 0.000 0.000 0.000 0.000 0.000 0.000 1.000 1.000 1.000 1.000 0.300 1.000 0.300 1.000 0.360 1.000 0.000 0.000 0.000 0.000 0.000 0.000 0.000 0.000 0.000 0.000 0.160 1.000 0.000 0.000 0.000 0.000 0.000 0.000 0.000 0.000 0.000 0.000 0.000 0.000 0.440 1.000 0.000 0.000 0.000 0.000 0.000 0.000 0.000 0.000 0.000 0.000 0.000 0.000 "Anger"
"Mad" "_" 0.250 1.000 0.250 1.000 0.640 1.000 0.640 1.000 0.000 0.000 0.000 0.000 0.000 0.000 0.000 0.000 0.000 0.000 0.000 0.000 0.000 0.000 1.000 1.000 1.000 1.000 0.440 1.000 0.440 1.000 0.480 1.000 0.240 1.000 0.000 0.000 0.000 0.000 0.000 0.000 0.000 0.000 0.450 1.000 0.000 0.000 0.000 0.000 0.000 0.000 0.000 0.000 0.000 0.000 0.000 0.000 0.550 1.000 0.000 0.000 0.140 1.000 0.067 1.000 0.000 0.000 0.000 0.000 0.000 0.000 "really angry"
"Enraged" "_" 1.000 1.000 1.000 1.000 1.000 1.000 1.000 1.000 0.000 0.000 0.000 0.000 0.000 0.000 0.000 0.000 0.000 0.000 0.000 0.000 0.000 0.000 1.000 1.000 1.000 1.000 0.340 1.000 0.340 1.000 0.390 1.000 1.000 1.000 0.000 0.000 0.000 0.000 0.000 0.000 0.000 0.000 0.700 1.000 0.330 1.000 0.000 0.000 0.000 0.000 0.000 0.000 0.000 0.000 0.000 0.000 1.000 1.000 0.000 0.000 0.310 1.000 0.223 1.000 0.000 0.000 0.000 0.000 0.000 1.000 "really really angry"
"Sad" "_" 0.000 0.000 0.000 0.000 0.410 1.000 0.410 1.000 0.000 0.000 0.000 0.000 0.000 0.000 0.890 1.000 0.890 1.000 0.000 0.000 0.000 0.000 0.000 0.000 0.000 0.000 0.110 1.000 0.110 1.000 0.000 0.000 0.000 0.000 0.000 0.000 0.000 0.000 0.000 0.000 0.000 0.000 0.290 1.000 0.000 0.000 0.000 0.000 0.000 0.000 0.000 0.000 0.000 0.000 0.000 0.000 0.000 0.000 0.000 0.000 0.000 0.000 0.000 0.000 0.000 0.000 0.360 1.000 0.000 0.000 "Life Sucks"
"Miserable" "_" 0.000 0.000 0.000 0.000 0.680 1.000 0.680 1.000 0.000 0.000 0.000 0.000 0.000 0.000 1.000 1.000 1.000 1.000 0.000 0.000 0.000 0.000 0.000 0.000 0.000 0.000 0.110 1.000 0.110 1.000 0.240 1.000 0.000 0.000 0.000 0.000 0.000 0.000 0.100 1.000 0.100 1.000 0.560 1.000 0.380 1.000 0.000 0.000 0.000 0.000 0.000 0.000 0.000 0.000 0.000 0.000 0.000 0.000 0.000 0.000 0.000 0.000 0.000 0.000 0.000 0.000 0.510 1.000 0.000 0.000 "really sad"
"Nearly Crying" "_" 0.000 0.000 0.000 0.000 0.250 1.000 0.250 1.000 0.000 0.000 0.000 0.000 0.000 0.000 1.000 1.000 1.000 1.000 0.000 0.000 0.000 0.000 0.000 0.000 0.000 0.000 0.660 1.000 0.660 1.000 0.300 1.000 0.000 0.000 0.000 0.000 0.000 0.000 0.000 0.000 0.000 0.000 0.430 1.000 0.560 1.000 0.000 0.000 0.000 0.000 0.480 1.000 0.480 1.000 0.000 0.000 0.000 0.000 0.000 0.000 0.000 0.000 0.000 0.000 0.000 0.000 0.650 1.000 0.000 0.000 "really really sad"
"Melancholy Smile" "_" 0.000 0.000 0.000 0.000 0.540 1.000 0.540 1.000 0.000 0.000 0.000 0.000 0.000 0.000 0.460 1.000 0.460 1.000 0.000 0.000 0.000 0.000 0.000 0.000 0.000 0.000 0.000 0.000 0.000 0.000 0.000 0.000 0.000 0.000 0.000 0.000 0.000 0.000 0.000 0.000 0.000 0.000 0.000 0.000 0.000 0.000 0.000 0.000 0.000 0.000 0.560 1.000 0.560 1.000 0.000 1.000 0.000 0.000 0.000 0.000 0.000 0.000 0.000 0.000 0.000 0.000 0.530 1.000 0.000 0.000 "Melancholy Smile"
"Confused" "_" 0.000 0.000 0.000 0.000 0.840 1.000 0.235 1.000 0.000 0.000 0.000 0.000 0.000 0.000 1.000 1.000 1.000 1.000 0.000 0.000 0.000 0.000 0.240 1.000 0.240 1.000 0.430 1.000 0.258 1.000 0.000 0.000 0.000 0.000 0.000 0.000 0.000 0.000 0.000 0.000 0.000 0.000 0.000 0.000 0.000 0.000 0.000 0.000 0.000 0.000 0.000 0.000 0.000 0.000 0.000 0.000 0.000 0.000 0.000 0.000 0.390 1.000 0.078 1.000 0.000 0.000 0.380 1.000 0.000 0.000 "duh ah ???"
"Disgust" "_" 0.000 0.000 0.000 0.000 0.441 1.000 0.630 1.000 0.000 0.000 0.000 0.000 0.000 0.000 0.000 0.000 0.000 0.000 0.000 0.000 0.000 0.000 0.240 1.000 0.240 1.000 0.000 0.000 0.000 0.000 0.340 1.000 0.000 0.000 0.000 0.000 0.000 0.000 0.000 0.000 0.000 0.000 0.510 1.000 0.000 0.000 0.000 0.000 0.000 0.000 0.058 1.000 0.290 1.000 0.000 0.000 0.000 0.000 0.000 0.000 0.312 1.000 0.400 1.000 0.000 0.000 0.630 1.000 0.000 0.000 "disgust"
"Lowered Both" "_" 0.000 0.000 0.000 0.000 0.550 1.000 0.550 1.000 0.000 0.000 0.000 0.000 0.000 0.000 0.000 0.000 0.000 0.000 0.000 0.000 0.000 0.000 1.000 1.000 1.000 1.000 0.000 0.000 0.000 0.000 0.310 1.000 0.000 0.000 0.000 0.000 0.000 0.000 0.000 0.000 0.000 0.000 0.000 0.000 0.000 0.000 0.000 0.000 0.000 0.000 0.000 0.000 0.000 0.000 0.000 0.000 0.000 0.000 0.000 0.000 0.000 0.000 0.000 0.000 0.000 0.000 0.000 0.000 0.000 0.000 "Lowered Both"
"Apathy" "_" 0.000 0.000 0.000 0.000 0.000 0.000 0.000 0.000 0.000 0.000 0.000 0.000 0.000 0.000 0.130 1.000 0.130 1.000 0.200 1.000 0.200 1.000 0.000 0.000 0.000 0.000 0.000 0.000 0.000 0.000 0.000 0.000 0.000 0.000 0.000 0.000 0.000 0.000 0.000 0.000 0.000 0.000 0.000 0.000 0.000 0.000 0.000 0.000 0.000 0.000 0.000 0.000 0.000 0.000 0.000 0.000 0.000 0.000 0.000 0.000 0.000 0.000 0.000 0.000 0.000 0.000 0.660 1.000 0.000 0.000 "Apathy"
"Raised Both" "_" 0.000 0.000 0.000 0.000 0.000 0.000 0.000 0.000 0.000 0.000 0.000 0.000 0.000 0.000 0.480 1.000 0.480 1.000 1.000 1.000 1.000 1.000 0.000 0.000 0.000 0.000 0.000 0.000 0.000 0.000 0.000 0.000 0.000 0.000 0.000 0.000 0.000 0.000 0.000 0.000 0.000 0.000 0.000 0.000 0.000 0.000 0.000 0.000 0.000 0.000 0.000 0.000 0.000 0.000 0.000 0.000 0.000 0.000 0.000 0.000 0.000 0.000 0.000 0.000 0.000 0.000 0.000 0.000 0.000 0.000 "Raised Both"
"Raised Right" "_" 0.000 0.000 0.000 0.000 0.000 0.000 0.000 0.000 0.000 0.000 0.000 0.000 0.000 0.000 0.080 1.000 0.000 1.000 1.000 1.000 0.000 1.000 0.000 0.000 0.000 0.000 0.000 0.000 0.000 0.000 0.000 0.000 0.000 0.000 0.000 0.000 0.000 0.000 0.000 0.000 0.000 0.000 0.000 0.000 0.000 0.000 0.000 0.000 0.000 0.000 0.000 0.000 0.000 0.000 0.000 0.000 0.000 0.000 0.000 0.000 0.000 0.000 0.000 0.000 0.000 0.000 0.000 0.000 0.000 0.000 "Right Brow up"
"Raised Left" "_" 0.000 0.000 0.000 0.000 0.000 0.000 0.000 0.000 0.000 0.000 0.000 0.000 0.000 0.000 0.000 0.000 0.000 0.000 0.000 1.000 1.000 1.000 0.000 0.000 0.000 0.000 0.000 0.000 0.000 0.000 0.000 0.000 0.000 0.000 0.000 0.000 0.000 0.000 0.000 0.000 0.000 0.000 0.000 0.000 0.000 0.000 0.000 0.000 0.000 0.000 0.000 0.000 0.000 0.000 0.000 0.000 0.000 0.000 0.000 0.000 0.000 0.000 0.000 0.000 0.000 0.000 0.000 0.000 0.000 0.000 "Left brow up"
"Lowered Right" "_" 0.000 0.000 0.000 0.000 0.000 0.000 0.000 0.000 0.000 0.000 0.000 0.000 0.000 0.000 0.000 0.000 0.000 0.000 0.000 0.000 0.000 0.000 1.000 1.000 0.000 1.000 0.000 0.000 0.000 0.000 0.000 0.000 0.000 0.000 0.000 0.000 0.000 0.000 0.000 0.000 0.000 0.000 0.000 0.000 0.000 0.000 0.000 0.000 0.000 0.000 0.000 0.000 0.000 0.000 0.000 0.000 0.000 0.000 0.000 0.000 0.000 0.000 0.000 0.000 0.000 0.000 0.000 0.000 0.000 0.000 "Right Brow Lowered"
"Lowered Left" "_" 0.000 0.000 0.000 0.000 0.000 0.000 0.000 0.000 0.000 0.000 0.000 0.000 0.000 0.000 0.000 0.000 0.000 0.000 0.000 0.000 0.000 0.000 0.000 1.000 1.000 1.000 0.000 0.000 0.000 0.000 0.000 0.000 0.000 0.000 0.000 0.000 0.000 0.000 0.000 0.000 0.000 0.000 0.000 0.000 0.000 0.000 0.000 0.000 0.000 0.000 0.000 0.000 0.000 0.000 0.000 0.000 0.000 0.000 0.000 0.000 0.000 0.000 0.000 0.000 0.000 0.000 0.000 0.000 0.000 0.000 "Left Brow Lowered"
"Nearly Crying_No Deform" "_" 0.000 0.000 0.000 0.000 0.250 1.000 0.250 1.000 0.000 0.000 0.000 0.000 0.000 0.000 1.000 1.000 1.000 1.000 0.000 0.000 0.000 0.000 0.000 0.000 0.000 0.000 0.660 1.000 0.660 1.000 0.140 1.000 0.000 0.000 0.000 0.000 0.000 0.000 0.000 0.000 0.000 0.000 0.000 0.000 0.000 0.000 0.000 0.000 0.000 0.000 0.000 0.000 0.000 0.000 0.000 0.000 0.000 0.000 0.000 0.000 0.000 0.000 0.000 0.000 0.000 0.000 0.650 1.000 0.000 0.000 "No deformation on the mouth"
"Meloncholy_NoDeform" "_" 0.000 0.000 0.000 0.000 0.540 1.000 0.540 1.000 0.000 0.000 0.000 0.000 0.000 0.000 0.460 1.000 0.460 1.000 0.000 0.000 0.000 0.000 0.000 0.000 0.000 0.000 0.000 0.000 0.000 0.000 0.000 0.000 0.000 0.000 0.000 0.000 0.000 0.000 0.000 0.000 0.000 0.000 0.000 0.000 0.000 0.000 0.000 0.000 0.000 0.000 0.000 0.000 0.000 0.000 0.000 0.000 0.000 0.000 0.000 0.000 0.000 0.000 0.000 0.000 0.000 0.000 0.350 1.000 0.000 0.000 "Meloncholy_NoDeform"
"Disgust_NoDeform" "_" 0.000 0.000 0.000 0.000 0.441 1.000 0.630 1.000 0.000 0.000 0.000 0.000 0.000 0.000 0.000 0.000 0.000 0.000 0.000 0.000 0.000 0.000 0.240 1.000 0.240 1.000 0.000 0.000 0.000 0.000 0.300 1.000 0.000 0.000 0.000 0.000 0.000 0.000 0.000 0.000 0.000 0.000 0.000 0.000 0.000 0.000 0.000 0.000 0.000 0.000 0.000 0.000 0.000 0.000 0.000 0.000 0.000 0.000 0.000 0.000 0.000 1.000 0.000 1.000 0.000 0.000 0.460 1.000 0.000 0.000 "Disgust_NoDeform"
"Sad_NoDeform" "_" 0.000 0.000 0.000 0.000 0.410 1.000 0.410 1.000 0.000 0.000 0.000 0.000 0.000 0.000 0.890 1.000 0.890 1.000 0.000 0.000 0.000 0.000 0.000 0.000 0.000 0.000 0.110 1.000 0.110 1.000 0.000 0.000 0.000 0.000 0.000 0.000 0.000 0.000 0.000 0.000 0.000 0.000 0.000 0.000 0.000 0.000 0.000 0.000 0.000 0.000 0.000 0.000 0.000 0.000 0.000 0.000 0.000 0.000 0.000 0.000 0.000 0.000 0.000 0.000 0.000 0.000 0.500 1.000 0.000 0.000 "Sad_NoDeform"
"Fear_NoDeform" "_" 0.280 1.000 0.280 1.000 0.300 1.000 0.300 1.000 0.000 0.000 0.000 0.000 0.000 0.000 0.760 1.000 0.760 1.000 0.000 0.000 0.000 0.000 0.000 0.000 0.000 0.000 0.000 0.000 0.000 0.000 0.000 0.000 0.000 0.000 0.000 0.000 0.000 0.000 0.000 0.000 0.000 0.000 0.000 0.000 0.000 0.000 0.000 0.000 0.000 0.000 0.000 0.000 0.000 0.000 0.000 0.000 0.000 0.000 0.000 0.000 0.000 0.000 0.000 0.000 0.000 0.000 0.000 0.000 0.000 0.000 "Fear_NoDeform"
"Sly Smile_NoDeform" "_" 0.000 0.000 0.000 0.000 0.440 1.000 0.440 1.000 0.000 0.000 0.000 0.000 0.000 0.000 0.000 0.000 0.000 0.000 0.000 0.000 0.000 0.000 0.000 0.000 0.000 0.000 0.000 0.000 0.000 0.000 0.000 0.000 0.000 0.000 0.000 0.000 0.000 0.000 0.000 0.000 0.000 0.000 0.000 0.000 0.000 0.000 0.000 0.000 0.000 0.000 0.000 0.000 0.000 0.000 0.000 0.000 0.000 0.000 0.000 0.000 0.000 0.000 0.000 0.000 0.000 0.000 0.360 1.000 0.000 0.000 "Sly Smile_NoDeform"
"Confused_NoDeform" "_" 0.000 0.000 0.000 0.000 0.840 1.000 0.235 1.000 0.000 0.000 0.000 0.000 0.000 0.000 1.000 1.000 1.000 1.000 0.000 0.000 0.000 0.000 0.240 1.000 0.240 1.000 0.430 1.000 0.258 1.000 0.000 0.000 0.000 0.000 0.000 0.000 0.000 0.000 0.000 0.000 0.000 0.000 0.000 0.000 0.000 0.000 0.000 0.000 0.000 0.000 0.000 0.000 0.000 0.000 0.000 0.000 0.000 0.000 0.000 0.000 0.000 0.000 0.000 0.000 0.000 0.000 0.340 1.000 0.000 0.000 "Confused_NoDeform"
"Flirtatious_NoDeform" "_" 0.000 0.000 0.000 0.000 0.600 1.000 0.600 1.000 0.000 0.000 0.000 0.000 0.000 0.000 0.519 1.000 0.530 1.000 1.000 1.000 0.000 1.000 0.000 1.000 0.570 1.000 0.000 0.000 0.000 0.000 0.000 0.000 0.000 0.000 0.000 0.000 0.000 0.000 0.000 0.000 0.000 0.000 0.000 0.000 0.000 0.000 0.000 0.000 0.000 0.000 0.000 0.000 0.000 0.000 0.000 0.000 0.000 0.000 0.000 0.000 0.000 0.000 0.000 0.000 0.000 0.000 0.450 1.000 0.000 0.000 "Flirtatious_NoDeform"
"Knockback" "_" 0.000 0.000 0.000 0.000 0.000 0.000 0.000 0.000 0.000 0.000 0.000 0.000 0.600 1.000 0.000 0.000 0.000 0.000 0.000 0.000 0.000 0.000 1.000 1.000 1.000 1.000 0.410 1.000 0.410 1.000 0.000 0.000 0.000 0.000 0.680 1.000 0.680 1.000 0.000 0.000 0.000 0.000 0.790 1.000 0.000 0.000 0.000 0.000 0.000 0.000 0.360 1.000 0.360 1.000 0.000 0.000 0.000 0.000 0.000 0.000 0.000 0.000 0.000 0.000 0.610 1.000 0.000 0.000 1.000 1.000 "getting hit"
"Anger_No Deform " "_" 0.250 1.000 0.250 1.000 0.800 1.000 0.800 1.000 0.000 0.000 0.000 0.000 0.000 0.000 0.000 0.000 0.000 0.000 0.000 0.000 0.000 0.000 1.000 1.000 1.000 1.000 0.210 1.000 0.210 1.000 0.480 1.000 0.000 0.000 0.000 0.000 0.000 0.000 0.000 0.000 0.000 0.000 0.000 0.000 0.000 0.000 0.000 0.000 0.000 0.000 0.000 0.000 0.000 0.000 0.000 0.000 0.000 0.000 0.000 0.000 0.000 0.000 0.000 0.000 0.000 0.000 0.000 0.000 0.000 0.000 "Anger_No Deform "
"Joy" "_" 0.000 0.000 0.000 0.000 0.680 1.000 0.680 1.000 0.090 1.000 0.090 1.000 0.090 1.000 0.000 0.000 0.000 0.000 0.000 0.000 0.000 0.000 0.000 0.000 0.000 0.000 0.000 0.000 0.000 0.000 0.000 0.000 0.000 0.000 0.000 0.000 0.000 0.000 0.210 1.000 0.172 1.000 0.000 0.000 0.000 0.000 0.000 0.000 0.000 0.000 0.000 0.000 0.000 0.000 0.000 0.000 0.000 0.000 0.000 0.000 0.000 0.000 0.000 0.000 0.000 0.000 0.000 0.000 0.000 0.000 "Debauched Smile"
"Laugh" "_" 0.000 0.000 0.000 0.000 0.340 1.000 0.340 1.000 0.000 0.000 0.000 0.000 0.000 0.000 0.680 1.000 0.680 1.000 0.210 1.000 0.210 1.000 0.040 1.000 0.040 1.000 0.000 1.000 0.000 1.000 0.000 0.000 0.000 0.000 0.000 0.000 0.000 0.000 0.000 0.000 0.000 0.000 0.000 0.000 0.000 0.000 0.000 0.000 0.000 0.000 0.000 0.000 0.000 0.000 0.000 0.000 0.000 0.000 1.000 1.000 0.000 0.000 0.000 0.000 0.000 0.000 0.360 1.000 0.540 1.000 "face laughing"
"Flirtatious" "_" 0.000 0.000 0.000 0.000 0.600 1.000 0.600 1.000 0.000 0.000 0.000 0.000 0.000 0.000 0.300 1.000 0.186 1.000 1.000 1.000 0.000 1.000 0.000 1.000 0.570 1.000 0.000 0.000 0.000 0.000 0.000 0.000 0.000 0.000 0.000 0.000 0.000 0.000 0.510 1.000 0.153 1.000 0.000 0.000 0.000 0.000 0.000 0.000 0.000 0.000 0.000 0.000 0.000 0.000 0.000 0.000 0.000 0.000 0.000 0.000 0.000 0.000 0.000 0.000 0.000 0.000 0.500 1.000 0.000 0.000 "Come here, big boy"
"Mouth Open" "_" 0.000 0.000 0.000 0.000 0.000 0.000 0.000 0.000 0.000 0.000 0.000 0.000 0.000 0.000 0.000 0.000 0.000 0.000 0.000 0.000 0.000 0.000 0.000 0.000 0.000 0.000 0.000 0.000 0.000 0.000 0.000 0.000 0.000 0.000 0.000 0.000 0.000 0.000 0.000 0.000 0.000 0.000 0.000 0.000 0.000 0.000 0.000 0.000 0.000 0.000 0.000 0.000 0.000 0.000 0.000 0.000 0.000 0.000 0.000 0.000 0.000 0.000 0.000 0.000 1.000 1.000 0.000 0.000 0.000 0.000 "Mouth fully open"
"shock" "_" 1.000 1.000 1.000 1.000 0.000 0.000 0.000 0.000 0.000 0.000 0.000 0.000 0.000 0.000 0.000 0.000 0.000 0.000 0.000 0.000 0.000 0.000 0.000 0.000 0.000 0.000 0.000 0.000 0.000 0.000 0.000 0.000 0.000 0.000 0.000 0.000 0.000 0.000 0.000 0.000 0.000 0.000 0.000 0.000 0.000 0.000 0.000 0.000 0.000 0.000 0.000 0.000 0.000 0.000 0.000 0.000 0.000 0.000 0.000 0.000 0.000 0.000 0.000 0.000 0.000 0.000 0.000 0.000 0.000 0.000 "top lids wide open"
"Laugh No Deform" "_" 0.000 0.000 0.000 0.000 0.000 0.000 0.000 0.000 0.000 0.000 0.000 0.000 0.000 0.000 0.680 1.000 0.680 1.000 0.210 1.000 0.210 1.000 0.040 1.000 0.040 1.000 1.000 1.000 1.000 1.000 0.000 0.000 0.000 0.000 0.000 0.000 0.000 0.000 0.000 0.000 0.000 0.000 0.000 0.000 0.000 0.000 0.000 0.000 0.000 0.000 0.000 0.000 0.000 0.000 0.000 0.000 0.000 0.000 0.000 0.000 0.000 0.000 0.000 0.000 0.000 0.000 0.360 1.000 0.000 0.000 "Laugh no mouth"
"Insane" "_" 1.000 1.000 1.000 1.000 0.155 1.000 0.310 1.000 0.000 0.000 0.000 0.000 0.000 0.000 0.000 0.000 0.000 0.000 1.000 1.000 0.000 1.000 0.000 1.000 1.000 1.000 0.244 1.000 0.610 1.000 0.330 1.000 0.000 0.000 0.000 0.000 0.000 0.000 0.000 0.000 0.000 0.000 0.000 0.000 0.000 0.000 0.000 0.000 0.000 0.000 0.000 0.000 0.000 0.000 0.000 0.000 0.000 0.000 0.000 0.000 0.000 0.000 0.000 0.000 0.000 0.000 0.000 0.000 0.000 0.000 "insane"
"In Pain" "_" 0.000 0.000 0.000 0.000 0.250 1.000 0.250 1.000 0.000 0.000 0.000 0.000 0.000 0.000 1.000 1.000 1.000 1.000 0.000 0.000 0.000 0.000 0.500 1.000 0.500 1.000 0.660 1.000 0.660 1.000 0.140 1.000 0.000 0.000 0.000 0.000 0.000 0.000 0.000 0.000 0.000 0.000 0.780 1.000 0.000 0.000 0.000 0.000 0.000 0.000 0.330 1.000 0.330 1.000 0.000 0.000 0.000 0.000 0.000 0.000 0.000 0.000 0.000 0.000 0.000 0.000 0.650 1.000 0.000 0.000 "Visibly in pain"
"hurt" "_" 0.000 0.000 0.000 0.000 0.210 1.000 0.147 1.000 0.000 0.000 0.000 0.000 0.000 0.000 0.890 1.000 0.890 1.000 0.000 0.000 0.000 0.000 0.000 0.000 0.000 0.000 0.860 1.000 0.705 1.000 0.100 1.000 0.000 0.000 0.000 0.000 0.000 0.000 0.000 0.000 0.000 0.000 0.810 1.000 0.500 1.000 0.000 0.000 0.000 0.000 0.000 0.000 0.000 0.000 0.000 0.000 0.000 0.000 0.000 0.000 0.480 1.000 0.336 1.000 0.010 1.000 0.490 1.000 0.590 1.000 "physically in pain"
"Grimace" "_" 0.000 0.000 0.000 0.000 0.000 0.000 0.000 0.000 0.000 0.000 0.000 0.000 0.000 0.000 0.000 0.000 0.000 0.000 0.000 0.000 0.000 0.000 0.760 1.000 0.760 1.000 0.860 1.000 0.705 1.000 0.000 0.000 0.000 0.000 0.000 0.000 0.000 0.000 0.000 0.000 0.000 0.000 0.500 1.000 0.000 0.000 0.000 0.000 0.000 0.000 0.230 1.000 0.230 1.000 0.000 0.000 0.000 0.000 0.000 0.000 0.850 1.000 0.850 1.000 0.000 0.000 0.500 1.000 1.000 1.000 "bare teeth"
"Agony Recover" "_" 0.000 0.000 0.000 0.000 0.000 0.000 0.000 0.000 0.000 0.000 0.000 0.000 0.000 0.000 0.990 1.000 0.990 1.000 0.000 0.000 0.000 0.000 0.000 0.000 0.000 0.000 1.000 1.000 1.000 1.000 0.210 1.000 0.000 0.000 0.500 1.000 0.500 1.000 0.000 0.000 0.000 0.000 1.000 1.000 0.590 1.000 0.000 0.000 0.000 0.000 0.650 1.000 0.650 1.000 0.000 0.000 0.000 0.000 0.000 0.000 0.000 0.000 0.000 0.000 0.400 1.000 0.690 1.000 0.540 1.000 "Recovering from Extreme Pain"
"FIX" "_" 0.000 0.000 0.000 0.000 0.340 1.000 0.340 1.000 0.000 0.000 0.000 0.000 0.000 0.000 0.680 1.000 0.680 1.000 0.210 1.000 0.210 1.000 0.040 1.000 0.040 1.000 0.000 1.000 0.000 1.000 0.000 0.000 0.000 0.000 0.000 0.000 0.000 0.000 0.000 0.000 0.000 0.000 0.000 0.000 0.000 0.000 0.000 0.000 0.000 0.000 0.000 0.000 0.000 0.000 0.000 0.000 0.000 0.000 1.000 1.000 0.000 0.000 0.000 0.000 0.600 1.000 0.360 1.000 0.540 1.000 "I HATE FACE POSER"
