$keys right_lid_raiser left_lid_raiser right_lid_tightener left_lid_tightener right_lid_droop left_lid_droop blink right_inner_raiser left_inner_raiser right_outer_raiser left_outer_raiser right_lowerer left_lowerer right_cheek_raiser left_cheek_raiser wrinkler dilator right_upper_raiser left_upper_raiser right_corner_puller left_corner_puller corner_depressor chin_raiser right_part left_part right_funneler left_funneler right_stretcher left_stretcher presser tightener jaw_drop smile right_sneer left_sneer wide_open half_closed lower_lip
$hasweighting
"Neutral" "_" 0.000 0.000 0.000 0.000 0.000 0.000 0.000 0.000 0.000 0.000 0.000 0.000 0.000 0.000 0.000 0.000 0.000 0.000 0.000 0.000 0.000 0.000 0.000 0.000 0.000 0.000 0.000 0.000 0.000 0.000 0.000 0.000 0.000 0.000 0.000 0.000 0.000 0.000 0.000 0.000 0.000 0.000 0.000 0.000 0.000 0.000 0.000 0.000 0.000 0.000 0.000 0.000 0.000 0.000 0.000 0.000 0.000 0.000 0.000 0.000 0.000 0.000 0.000 0.000 0.000 0.000 0.000 0.000 0.000 0.000 0.000 0.000 0.000 0.000 0.000 0.000 "all zeros, boyee"
"Joy" "_" 0.000 0.000 0.000 0.000 0.780 1.000 0.780 1.000 0.000 0.000 0.000 0.000 0.000 0.000 0.300 1.000 0.300 1.000 0.300 1.000 0.300 1.000 0.000 0.000 0.000 0.000 0.290 1.000 0.290 1.000 0.000 0.000 0.000 0.000 0.000 0.000 0.000 0.000 0.210 1.000 0.210 1.000 0.000 0.000 0.000 0.000 0.000 0.000 0.000 0.000 0.000 0.000 0.000 0.000 0.000 0.000 0.000 0.000 0.000 0.000 0.000 0.000 0.000 0.000 0.000 0.000 0.000 0.000 0.000 0.000 0.000 0.000 0.000 0.000 0.000 0.000 "Debauched Smile"
"Sad" "_" 0.000 0.000 0.000 0.000 0.000 0.000 0.000 0.000 0.000 0.000 0.000 0.000 0.000 0.000 0.890 1.000 0.890 1.000 0.000 0.000 0.000 0.000 0.000 0.000 0.000 0.000 0.000 0.000 0.000 0.000 0.000 0.000 0.000 0.000 0.000 0.000 0.000 0.000 0.000 0.000 0.000 0.000 0.560 1.000 0.410 1.000 0.000 0.000 0.000 0.000 0.000 0.000 0.000 0.000 0.000 0.000 0.000 0.000 0.000 0.000 0.000 0.000 0.000 0.000 0.000 0.000 0.000 0.000 0.000 0.000 0.000 0.000 0.230 1.000 0.000 0.000 "Life Sucks"
"Confused" "_" 0.000 0.000 0.000 0.000 0.730 1.000 0.350 1.000 0.510 1.000 0.204 1.000 0.000 0.000 0.550 1.000 0.860 1.000 0.000 0.000 0.000 0.000 0.094 1.000 0.130 1.000 0.780 1.000 0.437 1.000 0.250 1.000 0.000 0.000 0.000 0.000 0.000 0.000 0.000 0.000 0.000 0.000 0.610 1.000 0.000 0.000 0.000 0.000 0.000 0.000 0.000 0.000 0.000 0.000 0.000 0.000 0.000 0.000 0.000 0.000 0.000 0.000 0.000 0.000 0.000 0.000 0.000 1.000 0.000 1.000 0.000 0.000 0.000 0.000 0.000 0.000 "duh ah ???"
"Sly Smile" "_" 0.000 0.000 0.000 0.000 1.000 1.000 1.000 1.000 0.000 0.000 0.000 0.000 0.000 0.000 0.000 0.000 0.000 0.000 0.000 0.000 0.000 0.000 0.980 1.000 1.000 1.000 0.430 1.000 0.129 1.000 0.000 0.000 0.000 0.000 0.590 1.000 0.000 1.000 0.190 1.000 0.053 1.000 0.000 0.000 0.000 0.000 0.050 0.000 0.050 0.000 0.000 0.000 0.000 0.000 0.000 0.000 0.000 0.000 0.000 0.000 0.000 0.000 0.000 0.000 0.000 0.000 0.000 0.000 0.000 0.000 0.000 0.000 0.540 1.000 0.640 1.000 "You be full of shit, boyee"
"Flirtatious" "_" 0.000 0.000 0.000 0.000 0.000 0.000 0.000 0.000 0.000 0.000 0.000 0.000 0.000 0.000 0.000 0.000 0.000 0.000 0.000 1.000 1.000 1.000 1.000 1.000 0.000 1.000 0.460 1.000 0.460 1.000 0.000 0.000 0.000 0.000 0.000 0.000 0.000 0.000 0.200 1.000 0.100 1.000 0.000 0.000 0.000 0.000 0.000 0.000 0.000 0.000 0.000 0.000 0.000 0.000 0.000 0.000 0.000 0.000 0.000 0.000 0.000 0.000 0.000 0.000 0.000 0.000 0.000 0.000 0.000 0.000 0.000 0.000 0.700 1.000 0.000 0.000 "Come here, big boy"
"Fear" "_" 0.330 1.000 0.330 1.000 0.140 1.000 0.140 1.000 0.000 0.000 0.000 0.000 0.000 0.000 0.510 1.000 0.510 1.000 0.000 0.000 0.000 0.000 0.000 0.000 0.000 0.000 0.167 1.000 0.190 1.000 0.130 1.000 0.000 0.000 0.000 0.000 0.000 0.000 0.000 0.000 0.000 0.000 0.570 1.000 0.610 1.000 0.000 0.000 0.000 0.000 0.000 0.000 0.000 0.000 0.000 0.000 0.000 0.000 0.000 0.000 0.000 0.000 0.280 1.000 0.000 0.000 0.000 0.000 0.000 0.000 0.050 1.000 0.000 0.000 0.000 0.000 "Fear"
"Anger" "_" 0.000 0.000 0.000 0.000 0.310 1.000 0.310 1.000 0.000 0.000 0.000 0.000 0.000 0.000 0.000 0.000 0.000 0.000 0.000 0.000 0.000 0.000 1.000 1.000 1.000 1.000 0.000 0.000 0.000 0.000 0.260 1.000 0.390 1.000 0.000 0.000 0.000 0.000 0.000 0.000 0.000 0.000 0.290 1.000 0.000 0.000 0.000 0.000 0.000 0.000 0.000 0.000 0.000 0.000 0.000 0.000 0.000 0.000 0.000 0.000 0.000 0.000 0.000 0.000 0.000 0.000 0.000 0.000 0.000 0.000 0.000 0.000 0.790 1.000 0.000 0.000 "Anger"
"Mad" "_" 0.000 0.000 0.000 0.000 0.880 1.000 0.880 1.000 0.000 0.000 0.000 0.000 0.000 0.000 0.000 0.000 0.000 0.000 0.000 0.000 0.000 0.000 1.000 1.000 1.000 1.000 0.380 1.000 0.380 1.000 0.490 1.000 0.630 1.000 0.000 0.000 0.000 0.000 0.000 0.000 0.000 0.000 0.550 1.000 0.400 1.000 0.000 0.000 0.000 0.000 0.000 0.000 0.000 0.000 0.000 0.000 0.000 0.000 0.000 0.000 0.000 0.000 0.000 0.000 0.000 0.000 0.000 0.000 0.000 0.000 0.000 0.000 0.000 0.000 0.000 0.000 "really angry"
"Enraged" "_" 1.000 1.000 1.000 1.000 1.000 1.000 1.000 1.000 0.000 0.000 0.000 0.000 0.000 0.000 0.000 0.000 0.000 0.000 0.000 0.000 0.000 0.000 1.000 1.000 1.000 1.000 0.850 1.000 0.850 1.000 0.650 1.000 0.650 1.000 0.540 1.000 0.205 1.000 0.000 0.000 0.000 0.000 0.940 1.000 0.000 0.000 0.000 0.000 0.000 0.000 0.000 0.000 0.000 0.000 0.000 0.000 0.000 0.000 0.000 0.000 0.000 0.000 0.000 0.000 0.000 0.000 0.000 0.000 0.000 0.000 0.000 0.000 0.000 0.000 0.530 1.000 "really really angry"
"Miserable" "_" 0.000 0.000 0.000 0.000 1.000 1.000 1.000 1.000 0.000 0.000 0.000 0.000 0.000 0.000 1.000 1.000 1.000 1.000 0.000 0.000 0.000 0.000 0.000 0.000 0.000 0.000 0.000 0.000 0.000 0.000 0.380 1.000 0.410 1.000 0.130 1.000 0.130 1.000 0.000 0.000 0.000 0.000 0.400 1.000 0.430 1.000 0.000 0.000 0.000 0.000 0.000 0.000 0.000 0.000 0.000 0.000 0.000 0.000 0.000 0.000 0.000 0.000 0.000 0.000 0.000 0.000 0.000 0.000 0.000 0.000 0.000 0.000 0.000 0.000 0.000 0.000 "really sad"
"Nearly Crying" "_" 0.000 0.000 0.000 0.000 1.000 1.000 1.000 1.000 0.000 0.000 0.000 0.000 0.000 0.000 1.000 1.000 1.000 1.000 0.000 0.000 0.000 0.000 0.000 0.000 0.000 0.000 1.000 1.000 1.000 1.000 0.430 1.000 0.730 1.000 0.380 1.000 0.380 1.000 0.000 0.000 0.000 0.000 0.400 1.000 0.430 1.000 0.000 0.000 0.000 0.000 0.190 1.000 0.190 1.000 0.000 0.000 0.000 0.000 0.000 0.000 0.000 0.000 0.000 0.000 0.000 0.000 0.000 0.000 0.000 0.000 0.000 0.000 0.540 1.000 0.000 0.000 "really really sad"
"Melancholy Smile" "_" 0.000 0.000 0.000 0.000 0.000 0.000 0.000 0.000 0.000 0.000 0.000 0.000 0.000 0.000 0.500 1.000 0.500 1.000 0.000 0.000 0.000 0.000 0.000 0.000 0.000 0.000 0.000 0.000 0.000 0.000 0.000 0.000 0.000 0.000 0.000 0.000 0.000 0.000 0.000 0.000 0.000 0.000 0.260 1.000 0.000 0.000 0.000 0.000 0.000 0.000 0.000 0.000 0.000 0.000 0.660 1.000 0.660 1.000 0.000 0.000 0.000 0.000 0.000 0.000 0.000 0.000 0.000 0.000 0.000 0.000 0.000 0.000 0.530 1.000 0.000 0.000 "Melancholy Smile"
"Very Frightened" "_" 1.000 1.000 1.000 1.000 0.000 0.000 0.000 0.000 0.000 0.000 0.000 0.000 0.000 0.000 1.000 1.000 1.000 1.000 0.000 0.000 0.000 0.000 0.000 0.000 0.000 0.000 0.000 0.000 0.000 0.000 0.180 1.000 0.000 0.000 0.290 1.000 0.168 1.000 0.000 0.000 0.000 0.000 0.510 1.000 0.000 0.000 0.000 0.000 0.000 0.000 0.640 1.000 0.640 1.000 0.000 0.000 0.000 0.000 0.000 0.000 0.000 0.000 0.000 0.000 0.000 0.000 0.000 0.000 0.000 0.000 0.510 1.000 0.000 0.000 0.340 1.000 "Very Frightened"
"Disgust" "_" 0.000 0.000 0.000 0.000 0.750 1.000 0.750 1.000 0.000 0.000 0.000 0.000 0.000 0.000 0.000 0.000 0.000 0.000 0.000 0.000 0.000 0.000 1.000 1.000 1.000 1.000 0.550 1.000 0.550 1.000 0.590 1.000 0.560 1.000 0.140 1.000 0.140 1.000 0.000 0.000 0.000 0.000 0.000 0.000 0.290 1.000 0.000 0.000 0.000 0.000 0.000 0.000 0.000 0.000 0.300 1.000 0.300 1.000 0.000 0.000 0.000 0.000 0.000 0.000 0.000 0.000 0.000 0.000 0.000 0.000 0.000 0.000 0.840 1.000 0.000 0.000 "disgust"
"Apathy" "_" 0.000 0.000 0.000 0.000 0.000 0.000 0.000 0.000 0.000 0.000 0.000 0.000 0.000 0.000 0.510 1.000 0.510 1.000 0.200 1.000 0.200 1.000 0.000 0.000 0.000 0.000 0.000 0.000 0.000 0.000 0.000 0.000 0.000 0.000 0.000 0.000 0.000 0.000 0.000 0.000 0.000 0.000 0.000 0.000 0.000 0.000 0.000 0.000 0.000 0.000 0.000 0.000 0.000 0.000 0.000 0.000 0.000 0.000 0.000 0.000 0.000 0.000 0.000 0.000 0.000 0.000 0.000 0.000 0.000 0.000 0.000 0.000 0.400 1.000 0.000 0.000 "Apathy"
"Lowered Both" "_" 0.000 0.000 0.000 0.000 0.000 0.000 0.000 0.000 0.000 0.000 0.000 0.000 0.000 0.000 0.000 0.000 0.000 0.000 0.000 0.000 0.000 0.000 1.000 1.000 1.000 1.000 0.000 0.000 0.000 0.000 0.000 0.000 0.000 0.000 0.000 0.000 0.000 0.000 0.000 0.000 0.000 0.000 0.000 0.000 0.000 0.000 0.000 0.000 0.000 0.000 0.000 0.000 0.000 0.000 0.000 0.000 0.000 0.000 0.000 0.000 0.000 0.000 0.000 0.000 0.000 0.000 0.000 0.000 0.000 0.000 0.000 0.000 0.000 0.000 0.000 0.000 "Lowered Both"
"Raised Both" "_" 0.000 0.000 0.000 0.000 0.000 0.000 0.000 0.000 0.000 0.000 0.000 0.000 0.000 0.000 1.000 1.000 1.000 1.000 1.000 1.000 1.000 1.000 0.000 0.000 0.000 0.000 0.000 0.000 0.000 0.000 0.000 0.000 0.000 0.000 0.000 0.000 0.000 0.000 0.000 0.000 0.000 0.000 0.000 0.000 0.000 0.000 0.000 0.000 0.000 0.000 0.000 0.000 0.000 0.000 0.000 0.000 0.000 0.000 0.000 0.000 0.000 0.000 0.000 0.000 0.000 0.000 0.000 0.000 0.000 0.000 0.000 0.000 0.000 0.000 0.000 0.000 "Raised Both"
"Raised Right" "_" 0.000 0.000 0.000 0.000 0.000 0.000 0.000 0.000 0.000 0.000 0.000 0.000 0.000 0.000 0.000 0.000 0.000 0.000 1.000 1.000 0.000 1.000 0.000 1.000 0.550 1.000 0.000 0.000 0.000 0.000 0.000 0.000 0.000 0.000 0.000 0.000 0.000 0.000 0.000 0.000 0.000 0.000 0.000 0.000 0.000 0.000 0.000 0.000 0.000 0.000 0.000 0.000 0.000 0.000 0.000 0.000 0.000 0.000 0.000 0.000 0.000 0.000 0.000 0.000 0.000 0.000 0.000 0.000 0.000 0.000 0.000 0.000 0.000 0.000 0.000 0.000 "Right Brow up"
"Raised Left" "_" 0.000 0.000 0.000 0.000 0.000 0.000 0.000 0.000 0.000 0.000 0.000 0.000 0.000 0.000 0.000 0.000 0.000 0.000 0.000 1.000 1.000 1.000 0.440 1.000 0.000 1.000 0.000 0.000 0.000 0.000 0.000 0.000 0.000 0.000 0.000 0.000 0.000 0.000 0.000 0.000 0.000 0.000 0.000 0.000 0.000 0.000 0.000 0.000 0.000 0.000 0.000 0.000 0.000 0.000 0.000 0.000 0.000 0.000 0.000 1.000 0.000 1.000 0.000 0.000 0.000 0.000 0.000 1.000 0.000 1.000 0.000 1.000 0.000 1.000 0.000 1.000 "Left brow up"
"Lowered Right" "_" 0.000 0.000 0.000 0.000 0.000 0.000 0.000 0.000 0.000 0.000 0.000 0.000 0.000 0.000 0.000 0.000 0.000 0.000 0.000 0.000 0.000 0.000 1.000 1.000 0.000 1.000 0.000 0.000 0.000 0.000 0.000 0.000 0.000 0.000 0.000 0.000 0.000 0.000 0.000 0.000 0.000 0.000 0.000 0.000 0.000 0.000 0.000 0.000 0.000 0.000 0.000 0.000 0.000 0.000 0.000 0.000 0.000 0.000 0.000 0.000 0.000 0.000 0.000 0.000 0.000 0.000 0.000 0.000 0.000 0.000 0.000 0.000 0.000 0.000 0.000 0.000 "Right Brow Lowered"
"Lowered Left" "_" 0.000 0.000 0.000 0.000 0.000 0.000 0.000 0.000 0.000 0.000 0.000 0.000 0.000 0.000 0.000 0.000 0.000 0.000 0.000 0.000 0.000 0.000 0.000 1.000 1.000 1.000 0.000 0.000 0.000 0.000 0.000 0.000 0.000 0.000 0.000 0.000 0.000 0.000 0.000 0.000 0.000 0.000 0.000 0.000 0.000 0.000 0.000 0.000 0.000 0.000 0.000 0.000 0.000 0.000 0.000 0.000 0.000 0.000 0.000 0.000 0.000 0.000 0.000 0.000 0.000 0.000 0.000 0.000 0.000 0.000 0.000 0.000 0.000 0.000 0.000 0.000 "Left Brow Lowered"
"Sad_NoDeform" "_" 0.000 0.000 0.000 0.000 0.000 0.000 0.000 0.000 0.000 0.000 0.000 0.000 0.000 0.000 0.890 1.000 0.890 1.000 0.000 0.000 0.000 0.000 0.000 0.000 0.000 0.000 0.000 0.000 0.000 0.000 0.000 0.000 0.000 0.000 0.000 0.000 0.000 0.000 0.000 0.000 0.000 0.000 0.350 0.000 0.000 0.000 0.000 0.000 0.000 0.000 0.000 0.000 0.000 0.000 0.000 0.000 0.000 0.000 0.000 0.000 0.000 0.000 0.000 0.000 0.000 0.000 0.000 0.000 0.000 0.000 0.000 0.000 0.000 0.000 0.000 0.000 "Sad_NoDeform"
"Meloncholy_NoDeform" "_" 0.000 0.000 0.000 0.000 0.000 0.000 0.000 0.000 0.000 0.000 0.000 0.000 0.000 0.000 0.500 1.000 0.500 1.000 0.000 0.000 0.000 0.000 0.000 0.000 0.000 0.000 0.000 0.000 0.000 0.000 0.000 0.000 0.000 0.000 0.000 0.000 0.000 0.000 0.000 0.000 0.000 0.000 0.680 1.000 0.000 0.000 0.000 0.000 0.000 0.000 0.000 0.000 0.000 0.000 0.000 0.000 0.000 0.000 0.000 0.000 0.000 0.000 0.000 0.000 0.000 0.000 0.000 0.000 0.000 0.000 0.000 0.000 0.530 1.000 0.000 0.000 "Meloncholy_NoDeform"
"Disgust_NoDeform" "_" 0.000 0.000 0.000 0.000 0.750 1.000 0.750 1.000 0.000 0.000 0.000 0.000 0.000 0.000 0.000 0.000 0.000 0.000 0.000 0.000 0.000 0.000 1.000 1.000 1.000 1.000 0.570 1.000 0.570 1.000 0.790 1.000 0.560 1.000 0.000 0.000 0.000 0.000 0.000 0.000 0.000 0.000 0.000 0.000 0.000 0.000 0.000 0.000 0.000 0.000 0.000 0.000 0.000 0.000 0.260 1.000 0.260 1.000 0.000 0.000 0.000 0.000 0.000 0.000 0.000 0.000 0.000 0.000 0.000 0.000 0.000 0.000 0.650 1.000 0.000 0.000 "Disgust_NoDeform"
"Nearly Crying_No Deform" "_" 0.000 0.000 0.000 0.000 1.000 1.000 1.000 1.000 0.000 0.000 0.000 0.000 0.000 0.000 1.000 1.000 1.000 1.000 0.000 0.000 0.000 0.000 0.000 0.000 0.000 0.000 1.000 1.000 1.000 1.000 0.560 1.000 0.460 1.000 0.000 0.000 0.000 0.000 0.000 0.000 0.000 0.000 0.000 0.000 0.000 0.000 0.000 0.000 0.000 0.000 0.000 0.000 0.000 0.000 0.000 0.000 0.000 0.000 0.000 0.000 0.000 0.000 0.000 0.000 0.000 0.000 0.000 0.000 0.000 0.000 0.000 0.000 0.540 1.000 0.000 0.000 "No deformation on the mouth"
"Fear_NoDeform" "_" 1.000 1.000 1.000 1.000 0.140 1.000 0.140 1.000 0.000 0.000 0.000 0.000 0.000 0.000 0.510 1.000 0.510 1.000 0.000 0.000 0.000 0.000 0.000 0.000 0.000 0.000 0.167 1.000 0.190 1.000 0.130 1.000 0.000 0.000 0.000 0.000 0.000 0.000 0.000 0.000 0.000 0.000 0.000 0.000 0.000 0.000 0.000 0.000 0.000 0.000 0.000 0.000 0.000 0.000 0.000 0.000 0.000 0.000 0.000 0.000 0.000 0.000 0.000 0.000 0.000 0.000 0.000 0.000 0.000 0.000 0.000 0.000 0.000 0.000 0.000 0.000 "Fear_NoDeform"
"Sly Smile_NoDeform" "_" 0.000 0.000 0.000 0.000 0.230 1.000 0.230 1.000 0.000 0.000 0.000 0.000 0.000 0.000 0.000 0.000 0.000 0.000 0.000 1.000 1.000 1.000 0.800 1.000 0.416 1.000 0.530 1.000 0.329 1.000 0.000 0.000 0.000 0.000 0.000 0.000 0.000 0.000 0.000 0.000 0.000 0.000 0.000 0.000 0.000 0.000 0.000 0.000 0.000 0.000 0.000 0.000 0.000 0.000 0.000 0.000 0.000 0.000 0.000 0.000 0.000 0.000 0.000 0.000 0.000 0.000 0.000 0.000 0.000 0.000 0.000 0.000 0.430 1.000 0.000 0.000 "Sly Smile_NoDeform"
"Confused_NoDeform" "_" 0.000 0.000 0.000 0.000 0.730 1.000 0.350 1.000 0.510 1.000 0.204 1.000 0.000 0.000 0.550 1.000 0.860 1.000 0.000 0.000 0.000 0.000 0.094 1.000 0.130 1.000 0.780 1.000 0.437 1.000 0.250 1.000 0.000 0.000 0.000 0.000 0.000 0.000 0.000 0.000 0.000 0.000 0.000 0.000 0.000 0.000 0.000 0.000 0.000 0.000 0.000 0.000 0.000 0.000 0.000 0.000 0.000 0.000 0.000 0.000 0.000 0.000 0.000 0.000 0.000 0.000 0.000 0.000 0.000 0.000 0.000 0.000 0.000 0.000 0.000 0.000 "Confused_NoDeform"
"Flirtatious_NoDeform" "_" 1.000 1.000 0.460 1.000 0.570 1.000 0.570 1.000 0.000 1.000 0.000 1.000 0.000 1.000 0.000 1.000 0.000 1.000 0.000 1.000 0.600 1.000 0.390 1.000 0.000 1.000 0.460 1.000 0.460 1.000 0.000 0.000 0.000 0.000 0.000 0.000 0.000 0.000 0.000 0.000 0.000 0.000 0.000 0.000 0.000 0.000 0.000 0.000 0.000 0.000 0.090 0.000 0.090 0.000 0.000 0.000 0.000 0.000 0.000 0.000 0.000 0.000 0.000 0.000 0.000 0.000 0.000 0.000 0.000 0.000 0.000 0.000 0.000 0.000 0.000 0.000 "Flirtatious_NoDeform"
"Knockback" "_" 0.000 0.000 0.000 0.000 1.000 1.000 1.000 1.000 0.000 0.000 0.000 0.000 1.000 1.000 0.000 0.000 0.000 0.000 0.000 0.000 0.000 0.000 1.000 1.000 1.000 1.000 1.000 0.000 1.000 0.000 1.000 1.000 0.000 0.000 0.000 0.000 0.000 0.000 0.000 0.000 0.000 0.000 1.000 1.000 0.000 0.000 0.000 0.000 0.000 0.000 0.000 0.000 0.000 0.000 0.590 1.000 0.590 1.000 0.000 0.000 0.000 0.000 0.000 0.000 0.160 1.000 0.000 0.000 0.000 0.000 0.000 0.000 0.000 0.000 0.090 1.000 "getting hit"
"Anger_No Deform " "_" 0.000 0.000 0.000 0.000 0.430 1.000 0.430 1.000 0.000 0.000 0.000 0.000 0.000 0.000 0.000 0.000 0.000 0.000 0.000 0.000 0.000 0.000 1.000 1.000 1.000 1.000 0.190 1.000 0.190 1.000 0.400 1.000 0.000 0.000 0.000 0.000 0.000 0.000 0.000 0.000 0.000 0.000 0.000 0.000 0.000 0.000 0.000 0.000 0.000 0.000 0.000 0.000 0.000 0.000 0.000 0.000 0.000 0.000 0.000 0.000 0.000 0.000 0.000 0.000 0.000 0.000 0.000 0.000 0.000 0.000 0.000 0.000 0.240 1.000 0.000 0.000 "Anger_No Deform "
"greedy" "_" 0.000 0.000 0.000 0.000 1.000 1.000 1.000 1.000 0.000 0.000 0.000 0.000 0.000 0.000 0.000 0.000 0.000 0.000 0.000 0.000 0.000 0.000 1.000 1.000 1.000 1.000 0.000 0.000 0.000 0.000 0.000 0.000 0.000 0.000 0.110 1.000 0.053 1.000 0.100 1.000 0.100 1.000 0.000 0.000 0.000 0.000 0.000 0.000 0.000 0.000 0.000 0.000 0.000 0.000 0.000 0.000 0.000 0.000 0.000 0.000 0.000 0.000 0.000 0.000 0.000 0.000 0.000 1.000 0.440 1.000 0.000 1.000 0.280 1.000 0.650 1.000 "happy greedy"
"greedy_NoDeform" "_" 0.000 0.000 0.000 0.000 1.000 1.000 1.000 1.000 0.000 0.000 0.000 0.000 0.000 0.000 0.000 0.000 0.000 0.000 0.000 0.000 0.000 0.000 1.000 1.000 1.000 1.000 0.000 0.000 0.000 0.000 0.000 0.000 0.000 0.000 0.110 1.000 0.053 1.000 0.100 1.000 0.100 1.000 0.000 0.000 0.000 0.000 0.000 0.000 0.000 0.000 0.000 0.000 0.000 0.000 0.000 0.000 0.000 0.000 0.000 0.000 0.000 0.000 0.000 0.000 0.000 0.000 0.000 1.000 0.150 1.000 0.000 0.000 0.280 1.000 0.000 0.000 "greedy no mouth deform"
"snarl" "_" 0.410 0.000 0.410 0.000 1.000 1.000 1.000 1.000 0.000 0.000 0.000 0.000 0.000 0.000 0.000 0.000 0.000 0.000 0.000 0.000 0.000 0.000 1.000 1.000 1.000 1.000 0.000 0.000 0.000 0.000 0.540 1.000 0.340 1.000 0.760 1.000 0.760 1.000 0.000 0.000 0.000 0.000 0.630 0.000 0.000 0.000 0.000 0.000 0.000 0.000 0.600 0.000 0.600 0.000 0.000 0.000 0.000 0.000 0.000 0.000 0.000 0.000 0.000 0.000 0.440 0.000 0.000 0.000 0.000 0.000 0.060 1.000 0.280 1.000 1.000 1.000 "snarl"
"Mouth Open" "_" 0.000 0.000 0.000 0.000 0.000 0.000 0.000 0.000 0.000 0.000 0.000 0.000 0.000 0.000 0.000 0.000 0.000 0.000 0.000 0.000 0.000 0.000 0.000 0.000 0.000 0.000 0.000 0.000 0.000 0.000 0.000 0.000 0.000 0.000 0.000 0.000 0.000 0.000 0.000 0.000 0.000 0.000 0.000 0.000 0.000 0.000 0.000 0.000 0.000 0.000 0.000 0.000 0.000 0.000 0.000 0.000 0.000 0.000 0.000 0.000 0.000 0.000 0.000 0.000 0.000 0.000 0.000 0.000 0.000 0.000 1.000 1.000 0.000 0.000 0.000 0.000 "Mouth Open"
