$keys right_lid_raiser left_lid_raiser right_lid_tightener left_lid_tightener right_lid_droop left_lid_droop blink right_inner_raiser left_inner_raiser right_outer_raiser left_outer_raiser right_lowerer left_lowerer right_cheek_raiser left_cheek_raiser wrinkler dilator right_upper_raiser left_upper_raiser right_corner_puller left_corner_puller corner_depressor chin_raiser right_part left_part right_puckerer left_puckerer right_funneler left_funneler right_stretcher left_stretcher bite presser tightener jaw_clencher jaw_drop right_mouth_drop left_mouth_drop smile right_sneer left_sneer wide_open half_closed lower_lip
$hasweighting
"Neutral" "_" 0.000 0.000 0.000 0.000 0.000 0.000 0.000 0.000 0.000 0.000 0.000 0.000 0.000 0.000 0.000 0.000 0.000 0.000 0.000 0.000 0.000 0.000 0.000 0.000 0.000 0.000 0.000 0.000 0.000 0.000 0.000 0.000 0.000 0.000 0.000 0.000 0.000 0.000 0.000 0.000 0.000 0.000 0.000 0.000 0.000 0.000 0.000 0.000 0.000 0.000 0.000 0.000 0.000 0.000 0.000 0.000 0.000 0.000 0.000 0.000 0.000 0.000 0.000 0.000 0.000 0.000 0.000 0.000 0.000 0.000 0.000 0.000 0.000 0.000 0.000 0.000 0.000 0.000 0.000 0.000 0.000 0.000 0.000 0.000 0.000 0.000 0.000 0.000 "all zeros, boyee"
"Joy" "_" 1.000 1.000 1.000 1.000 1.000 1.000 1.000 1.000 0.000 1.000 0.000 1.000 0.240 1.000 0.710 1.000 0.710 1.000 0.700 1.000 0.700 1.000 0.000 0.000 0.000 0.000 1.000 1.000 1.000 1.000 0.000 0.000 0.000 0.000 0.000 0.000 0.000 0.000 0.000 0.000 0.000 0.000 0.000 0.000 0.000 0.000 0.000 0.000 0.000 0.000 0.000 0.000 0.000 0.000 0.000 0.000 0.000 0.000 0.000 0.000 0.000 0.000 0.000 0.000 0.000 0.000 0.000 0.000 0.000 0.000 0.000 0.000 0.000 0.000 0.000 0.000 0.290 1.000 0.000 0.000 0.000 0.000 0.000 0.000 0.000 0.000 0.000 0.000 "Debauched Smile"
"Sad" "_" 0.000 0.000 0.000 0.000 0.000 0.000 0.000 0.000 0.000 0.000 0.000 0.000 0.000 0.000 1.000 1.000 1.000 1.000 0.000 0.000 0.000 0.000 0.000 0.000 0.000 0.000 0.000 0.000 0.000 0.000 0.000 0.000 0.000 0.000 0.000 0.000 0.000 0.000 0.000 0.000 0.000 0.000 0.000 0.000 0.000 0.000 0.000 0.000 0.000 0.000 0.000 0.000 0.000 0.000 0.000 0.000 0.000 0.000 0.000 0.000 0.000 0.000 0.000 0.000 0.000 0.000 0.000 0.000 0.000 0.000 0.000 0.000 0.000 0.000 0.000 0.000 0.000 0.000 0.000 0.000 0.000 0.000 0.000 0.000 0.330 1.000 0.000 0.000 "Life Sucks"
"Confused" "_" 0.000 0.000 0.000 0.000 0.380 1.000 1.000 1.000 0.000 0.000 0.000 0.000 0.000 0.000 1.000 1.000 0.980 1.000 0.570 1.000 0.399 1.000 0.316 1.000 0.790 1.000 0.000 1.000 1.000 1.000 0.480 1.000 0.000 0.000 0.000 0.000 0.000 0.000 0.000 0.000 0.000 0.000 0.000 0.000 0.000 0.000 0.000 0.000 0.000 0.000 0.000 0.000 0.000 0.000 0.000 0.000 0.000 0.000 0.000 0.000 0.000 0.000 0.000 0.000 0.000 0.000 0.000 0.000 0.000 0.000 0.000 0.000 0.000 0.000 0.000 0.000 0.000 0.000 0.000 0.000 0.000 0.000 0.000 0.000 0.290 1.000 0.000 0.000 "duh ah ???"
"Sly Smile" "_" 0.000 1.000 1.000 1.000 0.000 1.000 1.000 1.000 0.000 0.000 0.000 0.000 0.340 1.000 0.000 0.000 0.000 0.000 0.000 1.000 1.000 1.000 0.740 1.000 0.237 1.000 1.000 1.000 0.000 1.000 0.000 0.000 0.000 0.000 0.000 0.000 0.000 0.000 0.600 1.000 0.348 1.000 0.000 0.000 0.000 0.000 0.000 0.000 0.000 0.000 0.000 0.000 0.000 0.000 0.000 0.000 0.000 0.000 0.000 0.000 0.000 0.000 0.000 0.000 0.000 0.000 0.000 0.000 0.000 0.000 0.000 0.000 0.000 0.000 0.000 0.000 0.080 1.000 0.000 0.000 0.000 0.000 0.000 0.000 0.000 0.000 0.000 0.000 "You be full of shit, boyee"
"Flirtatious" "_" 0.590 1.000 0.590 1.000 0.000 1.000 0.000 1.000 0.000 1.000 0.000 1.000 0.000 1.000 0.000 1.000 0.000 1.000 0.840 1.000 0.487 1.000 0.000 1.000 0.000 1.000 0.890 1.000 0.890 1.000 0.000 1.000 0.000 1.000 0.000 1.000 0.000 1.000 1.000 1.000 1.000 1.000 1.000 1.000 0.000 1.000 0.000 1.000 0.000 1.000 0.000 1.000 0.000 1.000 0.000 1.000 0.000 1.000 0.000 1.000 0.000 1.000 0.000 1.000 0.110 1.000 0.000 1.000 0.000 1.000 0.000 1.000 0.000 1.000 0.000 1.000 0.250 1.000 0.000 1.000 0.000 1.000 0.000 1.000 0.000 1.000 0.000 0.000 "Come here, big boy"
"Fear" "_" 1.000 1.000 1.000 1.000 0.730 1.000 0.730 1.000 0.000 1.000 0.000 1.000 0.000 1.000 1.000 1.000 1.000 1.000 0.000 1.000 0.000 1.000 0.000 0.000 0.000 0.000 0.880 1.000 1.000 1.000 0.000 0.000 1.000 1.000 0.000 0.000 0.000 0.000 0.000 1.000 0.000 1.000 0.000 0.000 0.000 1.000 0.000 1.000 0.000 1.000 0.000 0.000 0.000 0.000 0.000 1.000 0.000 1.000 0.310 1.000 0.310 1.000 0.000 1.000 0.000 0.000 0.800 1.000 0.000 1.000 0.000 1.000 0.000 1.000 0.000 1.000 0.000 0.000 0.000 1.000 0.000 1.000 0.500 1.000 0.000 1.000 0.000 1.000 "Fear"
"Enraged" "_" 0.860 1.000 1.000 1.000 0.000 1.000 1.000 1.000 0.000 1.000 0.000 1.000 0.000 1.000 0.000 1.000 0.000 1.000 1.000 1.000 1.000 1.000 0.490 1.000 0.490 1.000 0.590 1.000 0.590 1.000 0.710 1.000 0.740 1.000 0.011 1.000 0.540 1.000 0.000 1.000 0.000 1.000 0.290 1.000 0.000 1.000 0.720 1.000 1.000 1.000 0.000 1.000 0.000 1.000 0.000 1.000 0.000 1.000 0.000 1.000 0.000 1.000 0.900 1.000 0.360 1.000 0.000 1.000 1.000 1.000 0.000 1.000 0.000 1.000 0.000 1.000 0.000 0.000 0.510 1.000 0.510 1.000 0.000 1.000 0.000 1.000 0.000 1.000 "Anger 3"
"Mad" "_" 1.000 1.000 1.000 1.000 1.000 1.000 1.000 1.000 0.000 1.000 0.000 1.000 0.000 1.000 0.000 1.000 0.000 1.000 0.000 1.000 0.000 1.000 1.000 1.000 1.000 1.000 0.640 1.000 0.640 1.000 0.500 1.000 0.740 1.000 0.000 1.000 0.000 1.000 0.000 1.000 0.000 1.000 0.290 1.000 0.000 0.000 0.000 0.000 0.000 0.000 0.000 0.000 0.000 0.000 0.000 0.000 0.000 0.000 0.000 0.000 0.000 0.000 0.000 0.000 0.000 1.000 0.000 1.000 0.000 0.000 0.000 0.000 0.000 0.000 0.000 0.000 0.000 0.000 0.000 1.000 0.000 1.000 0.000 1.000 0.000 1.000 0.000 1.000 "anger 2"
"Anger" "_" 1.000 1.000 1.000 1.000 1.000 1.000 1.000 1.000 0.740 1.000 0.740 1.000 0.000 1.000 0.000 1.000 0.000 1.000 1.000 1.000 1.000 1.000 1.000 1.000 1.000 1.000 1.000 1.000 1.000 1.000 0.860 1.000 0.610 1.000 0.000 1.000 0.000 1.000 0.000 1.000 0.000 1.000 0.000 0.000 0.000 0.000 0.000 0.000 0.000 0.000 0.000 0.000 0.000 0.000 0.000 0.000 0.000 0.000 0.000 0.000 0.000 0.000 0.000 0.000 0.000 1.000 0.000 1.000 0.000 0.000 0.000 0.000 0.000 0.000 0.000 0.000 0.000 0.000 0.000 1.000 0.000 1.000 0.000 1.000 0.000 1.000 0.000 1.000 "anger 1"
"Miserable" "_" 0.000 0.000 0.000 0.000 1.000 1.000 1.000 1.000 0.000 0.000 0.000 0.000 0.000 0.000 1.000 1.000 1.000 1.000 0.000 0.000 0.000 0.000 0.410 1.000 0.410 1.000 0.000 0.000 0.000 0.000 0.380 1.000 0.730 1.000 0.190 1.000 0.190 1.000 0.000 0.000 0.000 0.000 0.400 1.000 0.000 1.000 0.000 0.000 0.000 0.000 0.000 0.000 0.000 0.000 0.000 0.000 0.000 0.000 0.000 0.000 0.000 0.000 0.000 0.000 0.000 0.000 0.000 1.000 0.000 1.000 0.000 0.000 0.000 0.000 0.000 0.000 0.000 0.000 0.000 1.000 0.000 1.000 0.000 0.000 0.000 0.000 0.000 0.000 "really sad"
"Nearly Crying" "_" 0.000 0.000 0.000 0.000 1.000 1.000 1.000 1.000 0.000 0.000 0.000 0.000 0.000 0.000 1.000 1.000 1.000 1.000 0.000 1.000 0.000 1.000 0.000 1.000 0.000 1.000 1.000 1.000 1.000 1.000 0.380 1.000 0.730 1.000 0.190 1.000 0.190 1.000 0.000 0.000 0.000 0.000 0.440 1.000 0.750 1.000 0.000 0.000 0.000 0.000 0.000 0.000 0.000 0.000 0.000 0.000 0.000 0.000 0.650 1.000 0.650 1.000 0.000 0.000 0.850 1.000 0.000 1.000 0.000 1.000 0.000 1.000 0.000 0.000 0.000 0.000 0.000 0.000 0.000 1.000 0.000 1.000 0.000 1.000 0.640 1.000 0.000 1.000 "really really sad"
"Melancholy Smile" "_" 0.000 1.000 1.000 1.000 0.340 1.000 0.197 1.000 0.000 0.000 0.000 0.000 0.000 0.000 0.250 1.000 0.250 1.000 0.000 0.000 0.000 0.000 0.000 0.000 0.000 0.000 0.630 1.000 0.302 1.000 0.200 1.000 0.000 0.000 0.000 0.000 0.000 0.000 0.600 1.000 0.600 1.000 0.540 1.000 0.000 0.000 0.000 0.000 0.000 0.000 0.000 0.000 0.000 0.000 0.000 0.000 0.000 0.000 0.000 1.000 1.000 1.000 0.000 0.000 0.000 0.000 0.000 0.000 0.000 0.000 0.000 0.000 0.000 0.000 0.000 0.000 0.000 0.000 0.000 0.000 0.000 0.000 0.000 0.000 0.000 0.000 0.000 0.000 "Melancholy Smile"
"Very Frightened" "_" 1.000 1.000 1.000 1.000 1.000 1.000 1.000 1.000 0.000 1.000 0.000 1.000 0.000 0.000 1.000 1.000 1.000 1.000 0.000 1.000 0.000 1.000 0.250 1.000 0.250 1.000 0.880 1.000 1.000 1.000 0.350 1.000 1.000 1.000 0.000 0.000 0.000 0.000 0.000 0.000 0.000 0.000 0.000 1.000 0.000 1.000 0.000 1.000 0.000 1.000 0.000 0.000 0.000 0.000 0.000 1.000 0.000 1.000 0.560 1.000 0.560 1.000 0.000 1.000 0.000 0.000 0.000 1.000 0.000 1.000 0.360 1.000 0.000 1.000 0.000 1.000 0.000 0.000 0.000 1.000 0.000 1.000 0.380 1.000 0.000 1.000 0.000 1.000 "Very Frightened"
"Disgust" "_" 0.000 0.000 0.000 0.000 1.000 1.000 1.000 1.000 0.000 0.000 0.000 0.000 0.000 0.000 0.000 0.000 0.000 0.000 0.000 0.000 0.000 0.000 1.000 1.000 1.000 1.000 1.000 1.000 1.000 1.000 0.480 1.000 0.450 1.000 0.000 0.000 0.000 0.000 0.000 0.000 0.000 0.000 0.000 0.000 0.450 1.000 0.000 0.000 0.000 0.000 0.000 0.000 0.000 0.000 0.000 0.000 0.000 0.000 0.530 1.000 0.530 1.000 0.000 0.000 0.000 0.000 0.460 1.000 0.000 0.000 0.000 0.000 0.000 0.000 0.000 0.000 0.000 0.000 0.450 1.000 0.450 1.000 0.000 0.000 0.500 1.000 0.000 0.000 "disgust"
"Apathy" "_" 0.000 0.000 0.000 0.000 0.000 0.000 0.000 0.000 0.000 0.000 0.000 0.000 0.000 0.000 0.440 1.000 0.440 1.000 0.160 1.000 0.160 1.000 0.000 0.000 0.000 0.000 0.000 0.000 0.000 0.000 0.000 0.000 0.000 0.000 0.000 0.000 0.000 0.000 0.000 0.000 0.000 0.000 0.000 0.000 0.000 0.000 0.000 0.000 0.000 0.000 0.000 0.000 0.000 0.000 0.000 0.000 0.000 0.000 0.000 0.000 0.000 0.000 0.000 0.000 0.000 0.000 0.000 0.000 0.000 0.000 0.000 0.000 0.000 0.000 0.000 0.000 0.000 0.000 0.000 0.000 0.000 0.000 0.000 0.000 0.690 1.000 0.000 0.000 "Apathy"
"Lowered Both" "_" 0.000 1.000 0.000 1.000 0.000 1.000 0.000 1.000 0.000 1.000 0.000 1.000 0.000 1.000 0.000 1.000 0.000 1.000 0.000 1.000 0.000 1.000 1.000 1.000 1.000 1.000 0.000 1.000 0.000 1.000 0.000 1.000 0.000 1.000 0.000 1.000 0.000 1.000 0.000 1.000 0.000 1.000 0.000 0.000 0.000 0.000 0.000 0.000 0.000 0.000 0.000 0.000 0.000 0.000 0.000 0.000 0.000 0.000 0.000 0.000 0.000 0.000 0.000 0.000 0.000 1.000 0.000 1.000 0.000 0.000 0.000 0.000 0.000 0.000 0.000 0.000 0.000 0.000 0.000 1.000 0.000 1.000 0.000 1.000 0.000 1.000 0.000 1.000 "Lowered Both"
"Raised Both" "_" 0.000 0.000 0.000 0.000 0.000 0.000 0.000 0.000 0.000 0.000 0.000 0.000 0.000 0.000 1.000 1.000 1.000 1.000 1.000 1.000 1.000 1.000 0.000 0.000 0.000 0.000 0.000 0.000 0.000 0.000 0.000 0.000 0.000 0.000 0.000 0.000 0.000 0.000 0.000 0.000 0.000 0.000 0.000 0.000 0.000 0.000 0.000 0.000 0.000 0.000 0.000 0.000 0.000 0.000 0.000 0.000 0.000 0.000 0.000 0.000 0.000 0.000 0.000 0.000 0.000 0.000 0.000 0.000 0.000 0.000 0.000 0.000 0.000 0.000 0.000 0.000 0.000 0.000 0.000 0.000 0.000 0.000 0.000 0.000 0.000 0.000 0.000 0.000 "Raised Both"
"Sad_NoDeform" "_" 0.000 0.000 0.000 0.000 0.000 0.000 0.000 0.000 0.000 0.000 0.000 0.000 0.000 0.000 0.890 1.000 0.890 1.000 0.000 0.000 0.000 0.000 0.000 0.000 0.000 0.000 0.000 0.000 0.000 0.000 0.000 0.000 0.000 0.000 0.190 1.000 0.190 1.000 0.000 0.000 0.000 0.000 0.110 1.000 0.090 1.000 0.000 0.000 0.000 0.000 0.000 0.000 0.000 0.000 0.000 0.000 0.000 0.000 0.000 0.000 0.000 0.000 0.000 0.000 0.000 0.000 0.000 1.000 0.000 1.000 0.000 0.000 0.000 0.000 0.000 0.000 0.000 0.000 0.000 1.000 0.000 1.000 0.000 0.000 0.000 0.000 0.000 0.000 "Sad_NoDeform"
"Raised Left" "_" 0.000 1.000 0.000 1.000 0.000 1.000 0.000 1.000 0.000 1.000 0.000 1.000 0.000 1.000 0.000 1.000 0.000 1.000 0.000 1.000 1.000 1.000 0.000 1.000 0.000 1.000 0.000 1.000 0.000 1.000 0.000 1.000 0.000 1.000 0.000 1.000 0.000 1.000 0.000 1.000 0.000 1.000 0.000 0.000 0.000 0.000 0.000 0.000 0.000 0.000 0.000 0.000 0.000 0.000 0.000 0.000 0.000 0.000 0.000 0.000 0.000 0.000 0.000 0.000 0.000 1.000 0.000 1.000 0.000 0.000 0.000 0.000 0.000 0.000 0.000 0.000 0.000 0.000 0.000 1.000 0.000 1.000 0.000 1.000 0.000 1.000 0.000 1.000 "Left brow up"
"Lowered Right" "_" 0.000 1.000 0.000 1.000 0.000 1.000 0.000 1.000 0.000 1.000 0.000 1.000 0.000 1.000 0.000 1.000 0.000 1.000 0.000 1.000 0.000 1.000 1.000 1.000 0.000 1.000 0.000 1.000 0.000 1.000 0.000 1.000 0.000 1.000 0.000 1.000 0.000 1.000 0.000 1.000 0.000 1.000 0.000 0.000 0.000 0.000 0.000 0.000 0.000 0.000 0.000 0.000 0.000 0.000 0.000 0.000 0.000 0.000 0.000 0.000 0.000 0.000 0.000 0.000 0.000 1.000 0.000 1.000 0.000 0.000 0.000 0.000 0.000 0.000 0.000 0.000 0.000 0.000 0.000 1.000 0.000 1.000 0.000 1.000 0.000 1.000 0.000 1.000 "Right Brow Lowered"
"Lowered Left" "_" 0.000 1.000 0.000 1.000 0.000 1.000 0.000 1.000 0.000 1.000 0.000 1.000 0.000 1.000 0.000 1.000 0.000 1.000 0.000 1.000 0.000 1.000 0.000 1.000 1.000 1.000 0.000 1.000 0.000 1.000 0.000 1.000 0.000 1.000 0.000 1.000 0.000 1.000 0.000 1.000 0.000 1.000 0.000 0.000 0.000 0.000 0.000 0.000 0.000 0.000 0.000 0.000 0.000 0.000 0.000 0.000 0.000 0.000 0.000 0.000 0.000 0.000 0.000 0.000 0.000 1.000 0.000 1.000 0.000 0.000 0.000 0.000 0.000 0.000 0.000 0.000 0.000 0.000 0.000 1.000 0.000 1.000 0.000 1.000 0.000 1.000 0.000 1.000 "Left Brow Lowered"
"Nearly Crying_No Deform" "_" 0.000 0.000 0.000 0.000 1.000 1.000 1.000 1.000 0.000 0.000 0.000 0.000 0.000 0.000 1.000 1.000 1.000 1.000 0.000 1.000 0.000 1.000 0.000 1.000 0.000 1.000 1.000 1.000 1.000 1.000 0.380 1.000 0.730 1.000 0.000 0.000 0.000 0.000 0.000 0.000 0.000 0.000 0.000 0.000 0.000 0.000 0.000 0.000 0.000 0.000 0.000 0.000 0.000 0.000 0.000 0.000 0.000 0.000 0.000 0.000 0.000 0.000 0.000 0.000 0.000 0.000 0.000 0.000 0.000 0.000 0.000 0.000 0.000 0.000 0.000 0.000 0.000 0.000 0.000 0.000 0.000 0.000 0.000 0.000 0.000 0.000 0.000 0.000 "No deformation on the mouth"
"Meloncholy_NoDeform" "_" 0.000 1.000 1.000 1.000 0.000 1.000 1.000 1.000 0.000 1.000 0.000 1.000 0.000 1.000 0.710 1.000 0.710 1.000 1.000 1.000 1.000 1.000 0.000 1.000 0.000 1.000 0.500 1.000 1.000 1.000 0.490 1.000 0.000 1.000 0.000 0.000 0.000 0.000 0.000 0.000 0.000 0.000 0.000 0.000 0.000 0.000 0.000 0.000 0.000 0.000 0.000 0.000 0.000 0.000 0.000 0.000 0.000 0.000 0.000 0.000 0.000 0.000 0.000 0.000 0.000 0.000 0.000 0.000 0.000 0.000 0.000 0.000 0.000 0.000 0.000 0.000 0.000 0.000 0.000 0.000 0.000 0.000 0.000 0.000 0.000 0.000 0.000 0.000 "Meloncholy_NoDeform"
"Disgust_NoDeform" "_" 1.000 1.000 1.000 1.000 1.000 1.000 1.000 1.000 0.740 1.000 0.740 1.000 0.000 1.000 0.000 1.000 0.000 1.000 1.000 1.000 1.000 1.000 1.000 1.000 1.000 1.000 1.000 1.000 1.000 1.000 1.000 1.000 0.560 1.000 0.000 1.000 0.000 1.000 0.000 1.000 0.000 1.000 0.000 0.000 0.230 1.000 0.000 0.000 0.000 0.000 0.000 0.000 0.000 0.000 0.000 0.000 0.000 0.000 0.000 1.000 0.000 1.000 0.000 0.000 0.000 1.000 0.000 1.000 0.000 0.000 0.000 0.000 0.000 0.000 0.000 0.000 0.000 0.000 0.000 1.000 0.000 1.000 0.000 1.000 0.380 1.000 0.000 1.000 "Disgust_NoDeform"
"Raised Right" "_" 0.000 1.000 0.000 1.000 0.000 1.000 0.000 1.000 0.000 1.000 0.000 1.000 0.000 1.000 0.080 1.000 0.000 1.000 1.000 1.000 0.000 1.000 0.000 1.000 0.000 1.000 0.000 1.000 0.000 1.000 0.000 1.000 0.000 1.000 0.000 1.000 0.000 1.000 0.000 1.000 0.000 1.000 0.000 0.000 0.000 0.000 0.000 0.000 0.000 0.000 0.000 0.000 0.000 0.000 0.000 0.000 0.000 0.000 0.000 0.000 0.000 0.000 0.000 0.000 0.000 1.000 0.000 1.000 0.000 0.000 0.000 0.000 0.000 0.000 0.000 0.000 0.000 0.000 0.000 1.000 0.000 1.000 0.000 1.000 0.000 1.000 0.000 1.000 "Right Brow up"
"Fear_NoDeform" "_" 1.000 1.000 1.000 1.000 0.000 1.000 0.000 1.000 0.000 1.000 0.000 1.000 0.000 0.000 1.000 1.000 1.000 1.000 0.000 1.000 0.000 1.000 0.000 0.000 0.000 0.000 0.880 1.000 1.000 1.000 0.000 0.000 0.000 1.000 0.000 0.000 0.000 0.000 0.000 0.000 0.000 0.000 0.000 0.000 0.000 0.000 0.000 1.000 0.000 1.000 0.000 0.000 0.000 0.000 0.000 1.000 0.000 1.000 0.150 1.000 0.150 1.000 0.000 1.000 0.000 0.000 0.000 1.000 0.000 1.000 0.000 1.000 0.000 1.000 0.000 1.000 0.000 0.000 0.000 1.000 0.000 1.000 0.000 1.000 0.000 1.000 0.000 1.000 "Fear_NoDeform"
"Sly Smile_NoDeform" "_" 0.000 0.000 0.000 0.000 1.000 1.000 1.000 1.000 0.000 0.000 0.000 0.000 0.340 1.000 0.000 0.000 0.000 0.000 0.000 1.000 1.000 1.000 0.740 1.000 0.237 1.000 0.830 1.000 0.332 1.000 0.000 1.000 0.000 0.000 0.000 0.000 0.000 0.000 0.000 0.000 0.000 0.000 0.000 0.000 0.000 0.000 0.050 0.000 0.050 0.000 0.000 0.000 0.000 0.000 0.000 0.000 0.000 0.000 0.000 0.000 0.000 0.000 0.000 0.000 0.000 0.000 0.000 0.000 0.000 0.000 0.000 0.000 0.000 0.000 0.000 0.000 0.000 0.000 0.000 0.000 0.000 0.000 0.000 0.000 0.000 0.000 0.000 0.000 "Sly Smile_NoDeform"
"Confused_NoDeform" "_" 0.000 1.000 0.000 1.000 0.000 1.000 0.000 1.000 0.000 1.000 0.000 1.000 0.000 0.000 1.000 1.000 1.000 1.000 1.000 1.000 0.380 1.000 0.000 1.000 0.000 1.000 0.000 0.000 0.000 0.000 0.000 1.000 0.000 1.000 0.000 1.000 0.000 1.000 0.000 1.000 0.000 1.000 0.000 1.000 0.040 1.000 0.000 0.000 0.000 0.000 0.000 0.000 0.000 0.000 0.000 0.000 0.000 0.000 0.000 0.000 0.000 0.000 0.000 1.000 0.000 1.000 0.000 1.000 0.000 0.000 0.000 0.000 0.000 0.000 0.000 0.000 0.000 1.000 0.000 1.000 0.000 1.000 0.000 0.000 0.000 0.000 0.000 0.000 "Confused_NoDeform"
"Flirtatious_NoDeform" "_" 1.000 1.000 0.460 1.000 0.000 0.000 0.000 0.000 0.000 1.000 0.000 1.000 0.000 1.000 0.000 1.000 0.000 1.000 0.000 1.000 1.000 1.000 1.000 1.000 0.000 1.000 0.890 1.000 0.890 1.000 0.000 1.000 0.000 1.000 0.000 1.000 0.000 1.000 0.000 1.000 0.000 1.000 0.000 1.000 0.000 1.000 0.000 1.000 0.000 1.000 0.000 1.000 0.000 1.000 0.090 1.000 0.090 1.000 0.000 1.000 0.000 1.000 0.000 1.000 0.000 1.000 0.000 0.000 0.000 0.000 0.000 1.000 0.000 1.000 0.000 1.000 0.250 1.000 0.000 1.000 0.000 1.000 0.000 0.000 0.000 0.000 0.000 0.000 "Flirtatious_NoDeform"
"Knockback" "_" 1.000 1.000 1.000 1.000 1.000 1.000 1.000 1.000 0.740 1.000 0.740 1.000 0.000 1.000 0.000 1.000 0.000 1.000 1.000 1.000 1.000 1.000 1.000 1.000 1.000 1.000 1.000 1.000 1.000 1.000 1.000 1.000 0.600 1.000 0.200 1.000 0.200 1.000 0.000 1.000 0.000 1.000 0.000 1.000 0.940 1.000 0.000 0.000 0.000 0.000 0.000 0.000 0.000 0.000 0.000 0.000 0.000 0.000 1.000 1.000 1.000 1.000 0.000 0.000 0.000 1.000 1.000 1.000 0.000 0.000 1.000 1.000 0.900 1.000 0.900 1.000 0.000 0.000 0.000 1.000 0.000 1.000 0.000 1.000 0.890 1.000 0.000 1.000 "getting hit"
"Anger_No Deform " "_" 1.000 1.000 1.000 1.000 1.000 1.000 1.000 1.000 0.000 1.000 0.000 1.000 0.000 1.000 0.000 1.000 0.000 1.000 0.000 1.000 0.000 1.000 0.740 1.000 0.740 1.000 0.610 1.000 0.610 1.000 0.730 1.000 0.850 1.000 0.000 0.000 0.000 0.000 0.000 0.000 0.000 0.000 0.000 0.000 0.000 0.000 0.000 0.000 0.000 0.000 0.000 0.000 0.000 0.000 0.000 0.000 0.000 0.000 0.000 0.000 0.000 0.000 0.000 0.000 0.000 0.000 0.000 0.000 0.000 0.000 0.000 0.000 0.000 0.000 0.000 0.000 0.000 0.000 0.000 0.000 0.000 0.000 0.000 0.000 0.000 0.000 0.000 0.000 "Anger_No Deform "
"squint" "_" 0.000 0.000 0.000 0.000 0.900 1.000 0.900 1.000 0.000 0.000 0.000 0.000 0.000 0.000 0.000 0.000 0.000 0.000 0.000 0.000 0.000 0.000 0.130 1.000 0.130 1.000 0.000 0.000 0.000 0.000 0.000 0.000 0.000 0.000 0.000 0.000 0.000 0.000 0.000 0.000 0.000 0.000 0.000 0.000 0.000 0.000 0.000 0.000 0.000 0.000 0.000 0.000 0.000 0.000 0.000 0.000 0.000 0.000 0.000 0.000 0.000 0.000 0.000 0.000 0.000 0.000 0.000 0.000 0.000 0.000 0.000 0.000 0.000 0.000 0.000 0.000 0.000 0.000 0.000 0.000 0.000 0.000 0.000 0.000 0.640 1.000 0.000 0.000 "eyelids only"
"Laugh" "_" 0.000 0.000 0.000 0.000 1.000 1.000 1.000 1.000 0.000 0.000 0.000 0.000 0.000 0.000 0.710 1.000 0.710 1.000 0.210 1.000 0.210 1.000 0.000 0.000 0.000 0.000 1.000 1.000 1.000 1.000 0.000 0.000 0.000 0.000 0.000 0.000 0.000 0.000 0.000 0.000 0.000 0.000 0.000 0.000 0.000 0.000 0.000 0.000 0.000 0.000 0.000 0.000 0.000 0.000 0.000 0.000 0.000 0.000 0.000 0.000 0.000 0.000 0.000 0.000 0.000 0.000 0.000 0.000 0.000 0.000 0.000 0.000 0.000 0.000 0.000 0.000 0.930 1.000 0.000 0.000 0.000 0.000 0.000 0.000 0.500 1.000 0.290 1.000 "Face laughing"
"Laugh_NoDeform" "_" 0.000 0.000 0.000 0.000 1.000 1.000 1.000 1.000 0.000 0.000 0.000 0.000 0.000 0.000 0.710 1.000 0.710 1.000 0.210 1.000 0.210 1.000 0.000 0.000 0.000 0.000 1.000 1.000 1.000 1.000 0.000 0.000 0.000 0.000 0.000 0.000 0.000 0.000 0.000 0.000 0.000 0.000 0.000 0.000 0.000 0.000 0.000 0.000 0.000 0.000 0.000 0.000 0.000 0.000 0.000 0.000 0.000 0.000 0.000 0.000 0.000 0.000 0.000 0.000 0.000 0.000 0.000 0.000 0.000 0.000 0.000 0.000 0.000 0.000 0.000 0.000 0.310 1.000 0.000 0.000 0.000 0.000 0.000 0.000 0.500 1.000 0.000 0.000 "Face laughing not mouth"
"Snarl" "_" 0.410 1.000 0.410 1.000 1.000 1.000 1.000 1.000 0.000 0.000 0.000 0.000 0.000 0.000 0.000 0.000 0.000 0.000 0.000 0.000 0.000 0.000 1.000 1.000 1.000 1.000 0.000 0.000 0.000 0.000 0.400 1.000 1.000 1.000 0.000 0.000 0.000 0.000 0.000 0.000 0.000 0.000 0.480 1.000 0.000 0.000 0.000 0.000 0.000 0.000 0.000 0.000 0.000 0.000 0.600 1.000 0.600 1.000 0.000 1.000 0.000 1.000 0.000 0.000 0.000 0.000 0.000 0.000 0.000 0.000 0.000 0.000 0.000 0.000 0.000 0.000 0.780 1.000 0.000 0.000 0.000 0.000 1.000 1.000 0.000 0.000 0.680 1.000 "Loud hiss"
"Snarl_barred_teeth" "_" 0.410 1.000 0.410 1.000 1.000 1.000 1.000 1.000 0.000 0.000 0.000 0.000 0.000 0.000 0.000 0.000 0.000 0.000 0.000 0.000 0.000 0.000 1.000 1.000 1.000 1.000 0.000 0.000 0.000 0.000 0.730 1.000 1.000 1.000 0.000 0.000 0.000 0.000 0.000 0.000 0.000 0.000 0.630 1.000 0.000 0.000 0.000 0.000 0.000 0.000 0.000 0.000 0.000 0.000 0.600 1.000 0.600 1.000 0.000 1.000 0.000 1.000 0.000 0.000 0.000 0.000 0.000 0.000 0.000 0.000 0.000 0.000 0.000 0.000 0.000 0.000 0.780 1.000 0.000 0.000 0.000 0.000 0.000 0.000 0.000 0.000 0.850 1.000 "Snarl mouth closed"
"Sniff" "_" 0.000 0.000 0.000 0.000 0.000 0.000 0.000 0.000 0.000 0.000 0.000 0.000 0.000 0.000 0.000 0.000 0.000 0.000 0.000 0.000 0.000 0.000 0.540 1.000 0.540 1.000 0.000 0.000 0.000 0.000 0.000 0.000 1.000 1.000 0.000 0.000 0.000 0.000 0.000 0.000 0.000 0.000 0.000 0.000 0.000 0.000 0.000 0.000 0.000 0.000 0.000 0.000 0.000 0.000 0.000 0.000 0.000 0.000 0.000 0.000 0.000 0.000 0.000 0.000 0.000 0.000 0.000 0.000 0.000 0.000 0.000 0.000 0.000 0.000 0.000 0.000 0.000 0.000 1.000 1.000 1.000 1.000 0.000 0.000 0.000 0.000 0.000 0.000 "Smelling with nose"
"Concern" "_" 0.000 0.000 0.000 0.000 0.710 1.000 0.327 1.000 0.000 0.000 0.000 0.000 0.000 0.000 1.000 1.000 1.000 1.000 0.000 0.000 0.000 0.000 0.640 1.000 0.640 1.000 0.250 1.000 0.150 1.000 0.000 0.000 0.000 0.000 0.000 0.000 0.000 0.000 0.000 0.000 0.000 0.000 0.000 0.000 0.000 0.000 0.000 0.000 0.000 0.000 0.000 0.000 0.000 0.000 0.000 0.000 0.000 0.000 0.000 0.000 0.000 0.000 0.000 0.000 0.000 0.000 0.000 0.000 0.000 0.000 0.000 0.000 0.000 0.000 0.000 0.000 0.000 0.000 0.000 0.000 0.000 0.000 0.000 0.000 0.570 1.000 0.000 0.000 "concern"
